   39        42
   0         70
   0         1
   842       616
   0         0
   0         0
   1990      3434
   569       768
   3572      2247
   9         3
   0         0
   311       94
   1483      278
   3         2
   0         0
   0         68
   49        2
   38        0
   8681      949
   5         0
   3         2
   6         4
   1         0
   8         10
   34        3
   33        2
   4         0
   0         0
   0         0
   1         5
   0         5
   3         1
   0         8
   0         20
   0         0
   0         0
   1         1
   0         3
   0         16
   1         1
   0         2
   18        46
   0         0
   1         5
   1         0
   3         15
   1         0
   30        10
   146       98
   356       405
   1         2
   192       41
   1         0
   165       37
   354       277
   910       0
   644       690
   84        0
   3281      3017
   867       25
   416       0
   0         65
   3         0
   484       10
   25        29
   20        0
   56        0
   15        0
   16        6
   174       5
   366       20
   1166      301
   13        1
   747       345
   0         0
   179       264
   374       67
   974       0
   97        0
   0         2
   349       38
   240       0
   214       1
   329       24
   101       43
   0         1
   1962      2
   5013      2386
   133       0
   3         7
   9         0
   2         11
   76        1
   575       1
   1         0
   0         4
   1         0
   42        1
   6         0
   1         0
   0         0
   5         0
   17        1
   0         0
   0         0
   22        115
   39        13
   7334      7703
   192       0
   2         1
   0         2
   0         1
   3         0
   184       551
   61        59
   1         1
   2         0
   0         14
   53        14
   22        82
   2079      1982
   499       720
   0         60
   0         1
   2975      1103
   61        52
   14        63
   0         2
   12        36
   1         0
   460       62
   2         0
   0         0
   2870      4292
   4         93
   376       337
   1         17
   777       1192
   7         0
   0         5
   92        4
   88        21
   1527      338
   161       85
   134       116
   160       20
   3         0
   2         0
   1         0
   87        11
   10        15
   9         1
   46        12
   0         2
   0         9
   5         9
   9         4
   112       9
   5         1
   662       620
   6         0
   1         0
   1         0
   1         0
   0         1
   0         18
   0         85
   1         2
   0         1
   0         22
   874       756
   0         0
   41        34
   29        18
   1         0
   0         1
   12        3
   76        100
   26        96
   507       325
   231       92
   0         5
   2         0
   1         35
   495       854
   20943     18690
   6         19
   1292      1263
   4         0
   3         1
   0         0
   707       168
   3         0
   1         0
   0         0
   347       6
   26        0
   54        231
   1         0
   63        8
   1         1
