217  459      62
1     0       0 
0     27      3 
0     0       2 
5     0       0 
20    0       0 
1     0       0 
1     0       0 
2     0       0 
2     0       0 
1     0       0 
0     4       0 
2     0       0 
0     3       1 
0     16      1 
1     0       0 
1     0       3 
0     0       18
0     48      0 
0     22      2 
0     0       1 
0     11      6 
0     46      0 
0     0       14
5     0       0 
0     14      0 
2     0       3 
2     0       0 
0     5       1 
0     31      0 
0     13      0 
0     0       1 
1     4       0 
0     33      4 
0     0       1 
0     7       1 
0     16      4 
0     22      0 
0     12      4 
0     4       0 
0     0       4 
0     12      2 
0     33      0 
0     19      0 
0     99      5 
0     3       0 
0     29      3 
0     13      0 
0     21      0 
0     19      0 
0     34      10
0     40      2 
0     40      0 
0     7       1 
0     1       2 
0     33      0 
0     90      4 
0     11      3 
0     0       1 
8     0       0 
0     4       0 
0     31      1 
0     11      0 
0     19      0 
0     4       1 
0     10      1 
0     11      0 
0     5       0 
2     0       0 
2     0       0 
0     4       2 
0     99      20
0     1       0 
0     35      1 
0     6       0 
1     2       0 
3     0       0 
0     23      1 
0     23      2 
0     9       0 
0     3       0 
0     56      5 
0     2       0 
1     0       0 
0     8       0 
0     1       1 
6     0       0 
5     4       0 
0     6       0 
0     9       1 
1     44      1 
0     8       0 
0     2       0 
0     0       2 
0     0       5 
0     4       19
2     0       0 
0     0       2 
0     7       0 
0     0       1 
0     2       0 
3     0       0 
3     0       0 
9     0       0 
3     0       0 
7     0       0 
6     0       0 
0     1       0 
11    0       0 
0     1       0 
12    0       1 
1     0       0 
1     0       0 
1     0       0 
0     4       2 
0     59      3 
1     0       0 
0     3       0 
0     5       0 
0     10      1 
0     10      1 
2     0       0 
7     0       0 
4     0       0 
1     0       0 
0     9       0 
0     0       1 
0     3       1 
0     0       1 
1     0       0 
0     53      10
0     7       0 
4     0       0 
2     0       0 
6     0       0 
0     2       1 
0     17      1 
1     0       0 
0     49      4 
0     20      3 
2     0       0 
8     0       3 
0     8       0 
0     5       0 
0     1       0 
0     0       2 
0     12      13
0     39      14
1     0       1 
0     67      16
0     6       0 
11    78      14
1     33      15
0     3       0 
3     0       0 
0     29      1 
7     1       0 
0     1       0 
0     4       0 
9     0       0 
0     7       0 
0     33      5 
4     182     3 
9     0       0 
6     0       0 
0     7       0 
2     24      2 
0     2       0 
2     0       0 
0     16      0 
1     0       0 
0     12      2 
0     3       0 
0     30      9 
0     13      0 
8     0       0 
13    0       0 
3     0       0 
1     0       0 
0     7       0 
19    1       0 
0     3       0 
12    2       0 
14    1       0 
3     0       0 
2     0       0 
1     0       0 
0     1       6 
0     1       0 
5     0       0 
8     0       1 
0     52      0 
4     0       0 
3     0       0 
2     0       0 
6     0       0 
0     4       0 
4     0       0 
0     4       0 
3     0       0 
1     0       0 
0     15      0 
0     25      0 
0     1       1 
0     25      2 
0     31      0 
0     3       0 
0     11      3 
0     4       0 
0     20      0 
0     14      3 
0     49      12
0     0       1 
0     10      1 
0     2       0 
0     20      15
0     2       2 
0     2       0 
0     45      3 
0     70      9 
0     7       19
0     2       0 
0     1       0 
2     1       0 
11    1       1 
1     0       0 
19    2       0 
1     0       0 
4     0       0 
1     0       0 
1     0       0 
10    0       0 
1     0       0 
3     0       0 
6     0       1 
0     0       1 
2     0       0 
0     5       0 
8     0       0 
0     6       0 
0     2       0 
11    1       0 
0     0       1 
78    45      3 
23    0       0 
19    3       1 
6     0       0 
31    0       0 
49    0       0 
21    0       0 
6     323     29
0     33      1 
1     2       0 
13    0       0 
2     0       0 
6     0       0 
0     1       0 
0     1       0 
1     0       0 
1     0       0 
4     0       0 
8     0       0 
0     11      1 
0     35      2 
0     23      9 
0     36      0 
0     15      0 
1     51      4 
7     1       2 
2     0       0 
3     0       0 
0     1       0 
45    0       0 
24    35      7 
0     11      9 
1     6       2 
0     12      0 
